No	Nama Negara⇅	Total Pajak⇅	Emas⇅	Pengeluaran Subsidi⇅	Pengeluaran Kabinet⇅	Netto APBN
1	
Amerika Serikat
1.600	0	180	220	+1200
2	
China
1.590	0	180	220	+1190
3	
Jerman
1.580	0	180	220	+1180
4	
Jepang
1.570	0	180	220	+1170
5	
Inggris
1.560	0	180	220	+1160
6	
India
1.550	0	180	220	+1150
7	
Prancis
1.540	0	180	220	+1140
8	
Italia
1.530	0	180	220	+1130
9	
Rusia
1.520	0	180	220	+1120
10	
Brazil
1.510	0	180	220	+1110
11	
Kanada
1.500	0	180	220	+1100
12	
Australia
1.490	0	180	220	+1090
13	
Meksiko
1.480	0	180	220	+1080
14	
Spanyol
1.470	0	180	220	+1070
15	
Korea Selatan
1.460	0	180	220	+1060
16	
Turki
1.450	0	180	220	+1050
17	
Indonesia
1.440	0	180	220	+1040
18	
Belanda
1.430	0	180	220	+1030
19	
Arab Saudi
1.420	0	180	220	+1020
20	
Swiss
1.410	0	180	220	+1010
21	
Polandia
1.400	0	180	220	+1000
22	
Taiwan
1.390	0	180	220	+990
23	
Irlandia
1.380	0	180	220	+980
24	
Belgia
1.370	0	180	220	+970
25	
Swedia
1.360	0	180	220	+960
26	
Israel
1.350	0	180	220	+950
27	
Argentina
1.340	0	180	220	+940
28	
Singapura
1.330	0	180	220	+930
29	
Austria
1.320	0	180	220	+920
30	
Uni Emirat Arab
1.310	0	180	220	+910
31	
Norwegia
1.300	0	180	220	+900
32	
Thailand
1.297	0	180	220	+897
33	
Kolombia
1.294	0	180	220	+894
34	
Vietnam
1.291	0	180	220	+891
35	
Malaysia
1.288	0	180	220	+888
36	
Filipina
1.285	0	180	220	+885
37	
Bangladesh
1.282	0	180	220	+882
38	
Denmark
1.279	0	180	220	+879
39	
Republik Rumania
1.276	0	180	220	+876
40	
Afrika Selatan
1.273	0	180	220	+873
41	
Pakistan
1.270	0	180	220	+870
42	
Hong Kong
1.267	0	180	220	+867
43	
Ceko
1.264	0	180	220	+864
44	
Mesir
1.261	0	180	220	+861
45	
Chile
1.258	0	180	220	+858
46	
Peru
1.255	0	180	220	+855
47	
Portugal
1.252	0	180	220	+852
48	
Nigeria
1.249	0	180	220	+849
49	
Kazakhstan
1.246	0	180	220	+846
50	
Finlandia
1.243	0	180	220	+843
51	
Aljazair
1.240	0	180	220	+840
52	
Yunani
1.237	0	180	220	+837
53	
Iran
1.234	0	180	220	+834
54	
Selandia Baru
1.231	0	180	220	+831
55	
Hungaria
1.228	0	180	220	+828
56	
Irak
1.225	0	180	220	+825
57	
Ukraina
1.222	0	180	220	+822
58	
Qatar
1.219	0	180	220	+819
59	
Maroko
1.216	0	180	220	+816
60	
Uzbekistan
1.213	0	180	220	+813
61	
Kuwait
1.210	0	180	220	+810
62	
Slowakia
1.207	0	180	220	+807
63	
Angola
1.204	0	180	220	+804
64	
Bulgaria
1.201	0	180	220	+801
65	
Kenya
1.198	0	180	220	+798
66	
Ekuador
1.195	0	180	220	+795
67	
Republik Dominika
1.192	0	180	220	+792
68	
Puerto Rico
1.189	0	180	220	+789
69	
Guatemala
1.186	0	180	220	+786
70	
Republik Demokratik Kongo
1.183	0	180	220	+783
71	
Ethiopia
1.180	0	180	220	+780
72	
Ghana
1.177	0	180	220	+777
73	
Oman
1.174	0	180	220	+774
74	
Kroasia
1.171	0	180	220	+771
75	
Pantai Gading
1.168	0	180	220	+768
76	
Republik Serbia
1.165	0	180	220	+765
77	
Venezuela
1.162	0	180	220	+762
78	
Luksemburg
1.159	0	180	220	+759
79	
Costa Rica
1.156	0	180	220	+756
80	
Kuba
1.153	0	180	220	+753
81	
Lithuania
1.150	0	180	220	+750
82	
Belarus
1.147	0	180	220	+747
83	
Sri Lanka
1.144	0	180	220	+744
84	
Uruguay
1.141	0	180	220	+741
85	
Panama
1.138	0	180	220	+738
86	
Republik Tanzania
1.135	0	180	220	+735
87	
Slovenia
1.132	0	180	220	+732
88	
Myanmar
1.129	0	180	220	+729
89	
Turkmenistan
1.126	0	180	220	+726
90	
Bolivia
1.123	0	180	220	+723
91	
Azerbaijan
1.120	0	180	220	+720
92	
Republik Uganda
1.117	0	180	220	+717
93	
Kamerun
1.114	0	180	220	+714
94	
Yordania
1.111	0	180	220	+711
95	
Tunisia
1.108	0	180	220	+708
96	
Paraguay
1.105	0	180	220	+705
97	
Suriah
1.102	0	180	220	+702
98	
Republik Zimbabwe
1.099	0	180	220	+699
99	
Makau
1.096	0	180	220	+696
100	
Latvia
1.093	0	180	220	+693
101	
Libya
1.090	0	180	220	+690
102	
Kamboja
1.087	0	180	220	+687
103	
Estonia
1.084	0	180	220	+684
104	
Bahrain
1.081	0	180	220	+681
105	
Nepal
1.078	0	180	220	+678
106	
Siprus
1.075	0	180	220	+675
107	
Republik Sudan
1.072	0	180	220	+672
108	
Islandia
1.069	0	180	220	+669
109	
Georgia
1.066	0	180	220	+666
110	
Honduras
1.063	0	180	220	+663
111	
Republik Zambia
1.060	0	180	220	+660
112	
Senegal
1.057	0	180	220	+657
113	
El Salvador
1.054	0	180	220	+654
114	
Haiti
1.051	0	180	220	+651
115	
Bosnia dan Herzegovina
1.048	0	180	220	+648
116	
Lebanon
1.045	0	180	220	+645
117	
Papua Nugini
1.042	0	180	220	+642
118	
Guyana
1.039	0	180	220	+639
119	
Mali
1.036	0	180	220	+636
120	
Albania
1.033	0	180	220	+633
121	
Burkina Faso
1.030	0	180	220	+630
122	
Armenia
1.027	0	180	220	+627
123	
Malta
1.024	0	180	220	+624
124	
Guinea
1.021	0	180	220	+621
125	
Mongolia
1.018	0	180	220	+618
126	
Benin
1.015	0	180	220	+615
127	
Trinidad dan Tobago
1.012	0	180	220	+612
128	
Chad
1.009	0	180	220	+609
129	
Niger
1.006	0	180	220	+606
130	
Nikaragua
1.003	0	180	220	+603
131	
Kirgizstan
800	0	180	220	+400
132	
Gabon
795	0	180	220	+395
133	
Mozambik
790	0	180	220	+390
134	
Jamaika
785	0	180	220	+385
135	
Botswana
780	0	180	220	+380
136	
Moldova
775	0	180	220	+375
137	
Makedonia Utara
770	0	180	220	+370
138	
Madagaskar
765	0	180	220	+365
139	
Tajikistan
760	0	180	220	+360
140	
Afganistan
755	0	180	220	+355
141	
Laos
750	0	180	220	+350
142	
Malawi
745	0	180	220	+345
143	
Rwanda
740	0	180	220	+340
144	
Namibia
735	0	180	220	+335
145	
Korea Utara
730	0	180	220	+330
146	
Mauritius
725	0	180	220	+325
147	
Bahama
720	0	180	220	+320
148	
Kongo
715	0	180	220	+315
149	
Brunei
710	0	180	220	+310
150	
Palestina
705	0	180	220	+305
151	
Mauritania
700	0	180	220	+300
152	
Somalia
695	0	180	220	+295
153	
Kosovo
690	0	180	220	+290
154	
Togo
685	0	180	220	+285
155	
Monako
680	0	180	220	+280
156	
Montenegro
675	0	180	220	+275
157	
Liechtenstein
670	0	180	220	+270
158	
Bermuda
665	0	180	220	+265
159	
Barbados
660	0	180	220	+260
160	
Sierra Leone
655	0	180	220	+255
161	
Burundi
650	0	180	220	+250
162	
Maldives
645	0	180	220	+245
163	
Yaman
640	0	180	220	+240
164	
Guam
635	0	180	220	+235
165	
Fiji
630	0	180	220	+230
166	
Tahiti
625	0	180	220	+225
167	
Sudan Selatan
620	0	180	220	+220
168	
Suriname
615	0	180	220	+215
169	
Eswatini
610	0	180	220	+210
170	
Guiana Prancis
605	0	180	220	+205
171	
Liberia
600	0	180	220	+200
172	
Andorra
595	0	180	220	+195
173	
Djibouti
590	0	180	220	+190
174	
Kepulauan Faroe
585	0	180	220	+185
175	
Bhutan
580	0	180	220	+180
176	
Curacao
575	0	180	220	+175
177	
Republik Afrika Tengah
570	0	180	220	+170
178	
Belize
565	0	180	220	+165
179	
Tanjung Verde
560	0	180	220	+160
180	
Greenland
555	0	180	220	+155
181	
Guinea Bissau
550	0	180	220	+150
182	
Lesotho
545	0	180	220	+145
183	
Gambia
540	0	180	220	+140
184	
Saint Lucia
535	0	180	220	+135
185	
San Marino
530	0	180	220	+130
186	
Antigua dan Barbuda
525	0	180	220	+125
187	
Gibraltar
520	0	180	220	+120
188	
Seychelles
515	0	180	220	+115
189	
Republik Timor Leste
510	0	180	220	+110
190	
Eritrea
505	0	180	220	+105
191	
Komoro
500	0	180	220	+100
192	
Grenada
495	0	180	220	+95
193	
Vanuatu
490	0	180	220	+90
194	
Samoa
485	0	180	220	+85
195	
Saint Vincent dan Grenadine
480	0	180	220	+80
196	
Sao Tome dan Principe
475	0	180	220	+75
197	
Saint Kitts dan Nevis
470	0	180	220	+70
198	
Samoa Amerika
465	0	180	220	+65
199	
Dominika
460	0	180	220	+60
200	
Tonga
455	0	180	220	+55
201	
Mikronesia
450	0	180	220	+50
202	
Kiribati
445	0	180	220	+45
203	
Palau
440	0	180	220	+40
204	
Marshall
435	0	180	220	+35
205	
Nauru
430	0	180	220	+30
206	
Tuvalu
425	0	180	220	+25
207	
Vatikan
420	0	180	220	+20
