No,Negara,Pajak_lama,Pajak_baru,Emas_NEO(tetap),Mall_lama,Mall_baru,Hotel_lama,Hotel_baru,Grosir_lama,Grosir_baru,Komersial_lama_NEO,Komersial_baru_NEO,Netto_lama,Netto_baru,Pajak_dikurangi_penyelaras(1-4),Komersial_dikurangi_NEO,Pajak_dikurangi_tambahan_NEO
1,Uni emirat arab,226,105,0,0,0,0,0,0,0,0,0,121,0,1,0,120
2,Hong kong,196,150,0,0,0,1,0,1,0,25,0,71,0,1,25,45
3,Brunei,195,195,0,0,0,12,5,1,1,135,65,70,0,0,70,0
4,Bahama,130,100,0,0,0,4,0,0,0,40,0,70,0,0,40,30
5,Marshall,175,175,0,0,0,14,7,1,1,155,85,70,0,0,70,0
6,Bermuda,139,130,0,0,0,12,6,0,0,120,60,69,0,4,60,5
7,Makau,189,185,0,0,0,9,3,0,0,90,30,64,0,4,60,0
8,Qatar,189,185,0,0,0,12,6,0,0,120,60,64,0,4,60,0
9,Kuwait,192,190,0,0,0,11,8,2,0,140,80,62,0,2,60,0
10,Vatikan,201,140,0,0,0,0,0,0,0,0,0,61,0,1,0,60
11,Bosnia dan hercegovina,203,200,0,0,0,11,7,1,0,125,70,58,0,3,55,0
12,Irak,205,205,0,0,0,11,7,1,0,125,70,55,0,0,55,0
13,Chad,199,195,0,0,0,13,8,0,0,130,80,54,0,4,50,0
14,Palau,191,190,0,0,0,6,4,2,0,90,40,51,0,1,50,0
15,Somalia,185,185,0,0,0,13,8,1,1,145,95,50,0,0,50,0
16,Afganistan,220,220,0,0,0,11,6,0,0,110,60,50,0,0,50,0
17,Niger,214,210,0,0,0,10,7,1,0,115,70,49,0,4,45,0
18,Bahrain,194,190,0,0,0,12,9,1,0,135,90,49,0,4,45,0
19,Nauru,196,195,0,0,0,12,9,1,0,135,90,46,0,1,45,0
20,Vanuatu,184,180,0,0,0,12,8,1,1,135,95,44,0,4,40,0
21,Andorra,196,195,0,0,0,11,7,1,1,125,85,41,0,1,40,0
22,Paraguay,196,195,0,0,0,6,2,1,1,75,35,41,0,1,40,0
23,Republik timor leste,221,220,0,0,0,8,6,2,1,110,75,36,0,1,35,0
24,Liechtenstein,229,225,0,0,0,12,9,0,0,120,90,34,0,4,30,0
25,Kosovo,220,220,0,0,0,16,13,0,0,160,130,30,0,0,30,0
26,Republik afrika tengah,209,200,0,0,0,12,10,0,0,120,100,29,0,4,20,5
27,Benin,239,230,0,0,0,10,9,0,0,100,90,19,0,4,10,5
28,Monako,234,230,0,0,0,2,2,1,0,35,20,19,0,4,15,0
29,Liberia,240,235,0,0,0,9,8,0,0,90,80,15,0,0,10,5
30,Republik sudan,350,350,0,15,14,1,1,0,0,235,220,15,0,0,15,0
31,Sao tome dan principe,355,355,0,16,15,1,1,0,0,250,235,15,0,0,15,0
32,Turkmenistan,250,250,0,11,10,1,1,0,0,175,160,15,0,0,15,0
33,Republik serbia,260,260,200,58,57,0,0,0,0,870,855,15,0,0,15,0
34,Greenland,355,355,200,70,69,1,1,0,0,1060,1045,15,0,0,15,0
35,Ethiopia,399,395,0,15,15,1,0,0,0,235,225,14,0,4,10,0
36,Guinea,424,410,0,19,19,0,0,0,0,285,285,14,0,4,0,10
37,Guinea bissau,364,360,0,14,14,2,1,0,0,230,220,14,0,4,10,0
38,Kongo,409,395,0,20,20,0,0,0,0,300,300,14,0,4,0,10
39,Lesotho,399,395,0,16,16,2,1,0,0,260,250,14,0,4,10,0
40,Libya,209,205,0,9,9,1,0,0,0,145,135,14,0,4,10,0
41,Togo,329,325,0,11,11,2,1,0,0,185,175,14,0,4,10,0
42,Kirgizstan,174,170,200,4,4,1,0,0,0,70,60,14,0,4,10,0
43,Bulgaria,204,190,200,51,51,0,0,0,0,765,765,14,0,4,0,10
44,Gibraltar,234,230,0,10,10,2,1,0,0,170,160,14,0,4,10,0
45,Republik rumania,239,235,200,48,48,1,0,0,0,730,720,14,0,4,10,0
46,Dominika,409,395,0,23,23,0,0,0,0,345,345,14,0,4,0,10
47,Tonga,324,320,0,16,16,2,1,0,0,260,250,14,0,4,10,0
48,Angola,352,340,0,15,15,0,0,0,0,225,225,12,0,2,0,10
49,Tanjung verde,392,390,0,20,20,2,1,0,0,320,310,12,0,2,10,0
50,El salvador,412,410,0,17,17,1,0,0,0,265,255,12,0,2,10,0
51,Trinidad dan tobago,372,360,0,19,19,0,0,0,0,285,285,12,0,2,0,10
52,Papua nugini,337,335,0,9,9,2,1,0,0,155,145,12,0,2,10,0
53,Mauritius,266,265,0,5,5,1,0,0,0,85,75,11,0,1,10,0
54,Luksemburg,451,440,0,22,22,0,0,0,0,330,330,11,0,1,0,10
55,Slowakia,361,350,0,16,16,0,0,0,0,240,240,11,0,1,0,10
56,Djibouti,355,345,0,18,18,0,0,0,0,270,270,10,0,0,0,10
57,Gambia,385,385,0,17,17,1,0,0,0,265,255,10,0,0,10,0
58,Komoro,400,400,0,18,18,1,0,0,0,280,270,10,0,0,10,0
59,Madagaskar,270,270,0,2,2,2,1,0,0,50,40,10,0,0,10,0
60,Malawi,310,310,0,9,9,1,0,0,0,145,135,10,0,0,10,0
61,Mozambik,260,260,0,6,6,1,0,0,0,100,90,10,0,0,10,0
62,Sudan selatan,225,225,0,0,0,9,8,1,1,105,95,10,0,0,10,0
63,Arab Saudi,185,185,200,95,95,2,1,0,0,1445,1435,10,0,0,10,0
64,Korea Selatan,440,440,200,81,81,2,1,0,0,1235,1225,10,0,0,10,0
65,Lebanon,280,280,0,10,10,2,1,0,0,170,160,10,0,0,10,0
66,Oman,110,100,200,73,73,0,0,0,0,1095,1095,10,0,0,0,10
67,Suriah,260,260,0,13,13,1,0,0,0,205,195,10,0,0,10,0
68,Yaman,230,230,0,9,9,1,0,0,0,145,135,10,0,0,10,0
69,Swedia,500,500,200,79,79,2,1,0,0,1205,1195,10,0,0,10,0
70,Saint lucia,395,385,0,18,18,0,0,0,0,270,270,10,0,0,0,10
71,Burkina faso,264,255,0,8,8,0,0,0,0,120,120,9,0,4,0,5
72,Eswatini,394,385,120,13,13,0,0,0,0,195,195,9,0,4,0,5
73,Kamerun,424,415,0,16,16,1,1,0,0,250,250,9,0,4,0,5
74,Pantai gading,419,410,200,20,20,1,1,0,0,310,310,9,0,4,0,5
75,Republik tanzania,414,405,200,5,5,1,1,0,0,85,85,9,0,4,0,5
76,Republik uganda,439,430,0,12,12,1,1,0,0,190,190,9,0,4,0,5
77,Rwanda,414,405,40,12,12,2,2,0,0,200,200,9,0,4,0,5
78,Senegal,439,430,0,18,18,1,1,0,0,280,280,9,0,4,0,5
79,Armenia,329,320,200,28,28,0,0,0,0,420,420,9,0,4,0,5
80,Filipina,374,365,200,33,33,1,1,0,0,505,505,9,0,4,0,5
81,Georgia,269,260,200,46,46,2,2,0,0,710,710,9,0,4,0,5
82,Nepal,404,395,0,17,17,1,1,0,0,265,265,9,0,4,0,5
83,Singapura,299,290,0,0,0,2,2,0,0,20,20,9,0,4,0,5
84,Tajikistan,244,235,80,0,0,0,0,0,0,0,0,9,0,4,0,5
85,Vietnam,339,330,200,37,37,0,0,0,0,555,555,9,0,4,0,5
86,Malta,454,445,0,20,20,0,0,0,0,300,300,9,0,4,0,5
87,San marino,434,425,0,20,20,0,0,0,0,300,300,9,0,4,0,5
88,Belize,349,340,0,9,9,0,0,0,0,135,135,9,0,4,0,5
89,Costa rica,354,345,200,41,41,2,2,0,0,635,635,9,0,4,0,5
90,Grenada,399,390,0,20,20,1,1,0,0,310,310,9,0,4,0,5
91,Republik dominika,364,355,200,21,21,1,1,0,0,325,325,9,0,4,0,5
92,Saint kitts dan nevis,284,275,0,14,14,0,0,0,0,210,210,9,0,4,0,5
93,Kiribati,394,385,0,16,16,1,1,0,0,250,250,9,0,4,0,5
94,Kolombia,479,470,200,25,25,0,0,0,0,375,375,9,0,4,0,5
95,Venezuela,429,420,0,16,16,0,0,0,0,240,240,9,0,4,0,5
96,Afrika Selatan,453,445,200,27,27,1,1,0,0,415,415,8,0,3,0,5
97,Kenya,433,425,200,8,8,2,2,0,0,140,140,8,0,3,0,5
98,Maroko,418,410,200,24,24,1,1,0,0,370,370,8,0,3,0,5
99,Israel,508,500,0,10,10,0,0,0,0,150,150,8,0,3,0,5
100,Jepang,483,475,200,63,63,1,1,0,0,955,955,8,0,3,0,5
101,Malaysia,318,310,200,46,46,0,0,0,0,690,690,8,0,3,0,5
102,Austria,543,535,0,18,18,2,2,0,0,290,290,8,0,3,0,5
103,Belanda,538,530,0,14,14,1,1,0,0,220,220,8,0,3,0,5
104,Irlandia,493,485,0,17,17,2,2,0,0,275,275,8,0,3,0,5
105,Jerman,523,515,0,4,4,1,1,0,0,70,70,8,0,3,0,5
106,Montenegro,273,265,0,9,9,1,1,0,0,145,145,8,0,3,0,5
107,Norwegia,488,480,0,11,11,0,0,0,0,165,165,8,0,3,0,5
108,Prancis,503,495,0,1,1,0,0,0,0,15,15,8,0,3,0,5
109,Amerika Serikat,373,365,200,69,69,2,2,0,0,1055,1055,8,0,3,0,5
110,Kanada,433,425,200,69,69,1,1,0,0,1045,1045,8,0,3,0,5
111,Aljazair,432,425,200,21,21,0,0,0,0,315,315,7,0,2,0,5
112,Mesir,357,350,200,12,12,1,1,0,0,190,190,7,0,2,0,5
113,Republik zimbabwe,412,405,0,10,10,1,1,0,0,160,160,7,0,2,0,5
114,Seychelles,372,365,0,12,12,0,0,0,0,180,180,7,0,2,0,5
115,China,427,420,200,73,73,0,0,0,0,1095,1095,7,0,2,0,5
116,India,432,425,200,65,65,1,1,0,0,985,985,7,0,2,0,5
117,Indonesia,352,345,200,49,49,0,0,0,0,735,735,7,0,2,0,5
118,Kamboja,272,265,200,12,12,2,2,0,0,200,200,7,0,2,0,5
119,Maldives,262,255,0,5,5,0,0,0,0,75,75,7,0,2,0,5
120,Turki,437,430,200,58,58,0,0,0,0,870,870,7,0,2,0,5
121,Curacao,392,385,0,15,15,0,0,0,0,225,225,7,0,2,0,5
122,Guatemala,232,225,200,24,24,2,2,0,0,380,380,7,0,2,0,5
123,Honduras,362,355,200,8,8,1,1,0,0,130,130,7,0,2,0,5
124,Jamaika,382,375,0,15,15,2,2,0,0,245,245,7,0,2,0,5
125,Meksiko,417,410,200,55,55,2,2,0,0,845,845,7,0,2,0,5
126,Panama,297,290,200,43,43,1,1,0,0,655,655,7,0,2,0,5
127,Brazil,447,440,200,51,51,2,2,0,0,785,785,7,0,2,0,5
128,Botswana,321,315,200,35,35,0,0,0,0,525,525,6,0,1,0,5
129,Gabon,461,455,180,19,19,1,1,0,0,295,295,6,0,1,0,5
130,Ghana,401,395,200,20,20,0,0,0,0,300,300,6,0,1,0,5
131,Namibia,436,430,40,11,11,1,1,0,0,175,175,6,0,1,0,5
132,Nigeria,341,335,200,24,24,0,0,0,0,360,360,6,0,1,0,5
133,Myanmar,276,270,200,12,12,2,2,0,0,200,200,6,0,1,0,5
134,Pakistan,436,430,200,19,19,2,2,0,0,305,305,6,0,1,0,5
135,Palestina,281,275,0,11,11,0,0,0,0,165,165,6,0,1,0,5
136,Yordania,356,350,0,11,11,1,1,0,0,175,175,6,0,1,0,5
137,Belgia,531,525,0,20,20,1,1,0,0,310,310,6,0,1,0,5
138,Ceko,341,335,0,7,7,1,1,0,0,115,115,6,0,1,0,5
139,Estonia,356,350,0,13,13,2,2,0,0,215,215,6,0,1,0,5
140,Islandia,466,460,0,20,20,0,0,0,0,300,300,6,0,1,0,5
141,Italia,496,490,0,0,0,1,1,0,0,10,10,6,0,1,0,5
142,Kroasia,406,400,0,13,13,1,1,0,0,205,205,6,0,1,0,5
143,Lithuania,361,355,0,9,9,1,1,0,0,145,145,6,0,1,0,5
144,Polandia,421,415,0,13,13,1,1,0,0,205,205,6,0,1,0,5
145,Portugal,456,450,200,66,66,1,1,0,0,1000,1000,6,0,1,0,5
146,Rusia,361,355,200,81,81,0,0,0,0,1215,1215,6,0,1,0,5
147,Siprus,386,380,0,13,13,1,1,0,0,205,205,6,0,1,0,5
148,Slovenia,486,480,0,23,23,0,0,0,0,345,345,6,0,1,0,5
149,Spanyol,471,465,200,71,71,1,1,0,0,1075,1075,6,0,1,0,5
150,Swiss,366,360,0,0,0,1,1,0,0,10,10,6,0,1,0,5
151,Yunani,456,450,200,44,44,1,1,0,0,670,670,6,0,1,0,5
152,Australia,441,435,200,64,64,2,2,0,0,980,980,6,0,1,0,5
153,Selandia baru,416,410,200,76,76,2,2,0,0,1160,1160,6,0,1,0,5
154,Argentina,481,475,200,56,56,0,0,0,0,840,840,6,0,1,0,5
155,Chile,446,440,200,43,43,1,1,0,0,655,655,6,0,1,0,5
156,Peru,421,415,200,34,34,0,0,0,0,510,510,6,0,1,0,5
157,Eritrea,240,235,0,6,6,2,2,0,0,110,110,5,0,0,0,5
158,Republik demokratik kongo,320,315,0,4,4,2,2,0,0,80,80,5,0,0,0,5
159,Republik zambia,440,435,0,11,11,1,1,0,0,175,175,5,0,0,0,5
160,Tunisia,410,405,0,19,19,1,1,0,0,295,295,5,0,0,0,5
161,Azerbaijan,335,330,200,43,43,0,0,0,0,645,645,5,0,0,0,5
162,Bangladesh,405,400,0,18,18,2,2,0,0,290,290,5,0,0,0,5
163,Iran,390,385,200,23,23,0,0,0,0,345,345,5,0,0,0,5
164,Korea Utara,145,140,200,2,2,0,0,0,0,30,30,5,0,0,0,5
165,Laos,295,290,80,6,6,2,2,0,0,110,110,5,0,0,0,5
166,Mongolia,235,230,200,33,33,1,1,0,0,505,505,5,0,0,0,5
167,Sri lanka,450,445,0,16,16,2,2,0,0,260,260,5,0,0,0,5
168,Thailand,320,315,200,36,36,2,2,0,0,560,560,5,0,0,0,5
169,Uzbekistan,240,235,200,31,31,1,1,0,0,475,475,5,0,0,0,5
170,Denmark,535,530,0,25,25,0,0,0,0,375,375,5,0,0,0,5
171,Inggris,460,455,200,71,71,1,1,0,0,1075,1075,5,0,0,0,5
172,Moldova,270,265,0,10,10,0,0,0,0,150,150,5,0,0,0,5
173,Ukraina,315,310,200,42,42,2,2,0,0,650,650,5,0,0,0,5
174,Kuba,505,500,0,18,18,2,2,0,0,290,290,5,0,0,0,5
175,Puerto rico,425,420,0,10,10,1,1,0,0,160,160,5,0,0,0,5
176,Saint vincent dan grenadine,425,420,0,21,21,1,1,0,0,325,325,5,0,0,0,5
177,Fiji,360,355,200,4,4,0,0,0,0,60,60,5,0,0,0,5
178,Guam,325,320,0,6,6,2,2,0,0,110,110,5,0,0,0,5
179,Mikronesia,290,285,0,11,11,0,0,0,0,165,165,5,0,0,0,5
180,Samoa,375,370,0,18,18,2,2,0,0,290,290,5,0,0,0,5
181,Samoa amerika,315,310,0,10,10,2,2,0,0,170,170,5,0,0,0,5
182,Tahiti,385,380,0,4,4,2,2,0,0,80,80,5,0,0,0,5
183,Tuvalu,345,340,0,16,16,0,0,0,0,240,240,5,0,0,0,5
184,Bolivia,275,270,200,16,16,0,0,0,0,240,240,5,0,0,0,5
185,Ekuador,405,400,200,10,10,1,1,0,0,160,160,5,0,0,0,5
186,Guiana prancis,370,365,200,37,37,1,1,0,0,565,565,5,0,0,0,5
187,Guyana,490,485,200,26,26,1,1,0,0,400,400,5,0,0,0,5
188,Suriname,440,435,20,17,17,2,2,0,0,275,275,5,0,0,0,5
189,Burundi,239,235,0,0,0,9,9,0,0,90,90,4,0,4,0,0
190,Mali,259,255,0,6,6,2,2,0,0,110,110,4,0,4,0,0
191,Mauritania,244,240,0,6,6,1,1,0,0,100,100,4,0,4,0,0
192,Bhutan,339,335,0,15,15,2,2,0,0,245,245,4,0,4,0,0
193,Belarus,279,275,0,10,10,2,2,0,0,170,170,4,0,4,0,0
194,Kepulauan faroe,454,450,0,20,20,1,1,0,0,310,310,4,0,4,0,0
195,Antigua dan Barbuda,369,365,0,19,19,1,1,0,0,295,295,4,0,4,0,0
196,Uruguay,429,425,200,56,56,2,2,0,0,860,860,4,0,4,0,0
197,Taiwan,333,330,200,93,93,1,1,0,0,1405,1405,3,0,3,0,0
198,Albania,308,305,0,11,11,2,2,0,0,185,185,3,0,3,0,0
199,Finlandia,523,520,200,78,78,1,1,0,0,1180,1180,3,0,3,0,0
200,Makedonia utara,198,195,200,19,19,0,0,0,0,285,285,3,0,3,0,0
201,Barbados,337,335,0,15,15,1,1,0,0,235,235,2,0,2,0,0
202,Nikaragua,322,320,0,8,8,2,2,0,0,140,140,2,0,2,0,0
203,Kazakhstan,296,295,200,43,43,1,1,0,0,655,655,1,0,1,0,0
204,Hungaria,296,295,0,6,6,0,0,0,0,90,90,1,0,1,0,0
205,Latvia,371,370,0,16,16,0,0,0,0,240,240,1,0,1,0,0
206,Haiti,341,340,0,11,11,0,0,0,0,165,165,1,0,1,0,0
207,Sierra leone,245,245,0,0,0,7,7,1,1,85,85,0,0,0,0,0